0098
0100
0101
0148
0158
0164
0171
0188
0203
0231
0243
0265
0302
0325
0355
0359
0360
0361
0362
0363
0417
0424
0438
0457
0470
0480
0498
0515
0524
0529
0543
0572
0582
0586
0600
0604
0607
0608
0609
0610
0694
0698
0712
0713
0741
0769
0833
0838
0839
0840
0843
0845
0846
0848
0849
0850
0852
0853
0855
0857
0858
0862
0864
0869
0874
0875
0878
0879
0882
0890
0910
0923
0928
0932
0941
0942
0946
0947
0948
0949
0950
0954
0959
0961
0965
0973
0975
0979
0984
0988
0989
0991
0994
0999
1003
1005
1009
1012
1013
1016
1021
1022
1023
1027
1033
1034
1035
1036
1038
1042
1046
1047
1049
1054
1058
1061
1062
1065
1068
1072
1074
1077
1080
1081
1082
1083
1086
1088
1089
1091
1093
1094
1095
1098
1099
1102
1105
1107
1110
1115
1116
1117
1118
1119
1121
1123
1124
1220
1221
1222
1223
1224
